500
1200
272 428
52 159
249 197
249 435
359 167
454 337
109 321
209 408
195 473
417 19
342 254
386 202
333 285
9 63
88 127
481 192
74 192
440 429
347 387
111 339
202 368
115 71
401 187
274 244
219 457
421 263
239 286
132 160
323 267
460 102
97 202
415 350
432 430
39 108
361 397
460 367
171 264
475 90
212 274
22 293
401 317
414 107
325 169
208 11
57 98
0 229
187 473
424 309
468 105
182 367
93 429
488 83
448 10
415 489
163 134
248 74
28 89
280 54
114 3
282 234
90 302
416 323
293 472
363 317
350 378
174 301
160 226
176 91
58 355
89 184
151 406
415 336
462 39
32 464
141 380
360 418
160 491
184 458
497 24
320 202
165 466
299 417
101 423
7 416
329 49
134 466
394 407
421 132
155 171
293 364
260 187
17 39
35 87
96 332
244 319
385 447
243 363
462 151
48 26
155 0
436 31
197 414
331 76
495 355
42 477
73 455
148 131
394 263
386 30
271 229
189 1
155 274
272 283
363 303
460 492
255 221
140 374
101 135
283 450
60 283
24 446
212 417
334 294
126 475
96 471
118 471
356 272
254 261
362 404
377 313
335 69
492 160
427 341
294 77
244 58
150 42
60 139
100 459
266 482
124 160
20 359
487 72
489 2
373 199
104 429
377 349
263 184
391 113
198 463
493 408
229 298
414 371
89 147
143 267
486 350
467 108
464 210
447 139
180 451
407 66
321 63
302 449
125 88
360 381
481 24
141 352
301 341
107 210
216 126
430 324
223 412
203 25
425 376
406 97
94 118
70 426
103 96
499 423
233 462
118 484
162 429
185 394
272 399
49 241
405 16
259 200
132 266
162 267
442 172
297 92
251 452
332 449
27 469
54 194
469 445
445 326
328 317
313 27
238 262
258 91
9 61
284 0
41 4
301 309
29 30
230 267
346 231
355 298
413 379
396 308
392 356
307 230
98 385
359 277
273 237
52 98
342 373
336 302
429 341
205 57
308 469
224 70
201 343
130 63
34 495
80 434
242 115
202 42
335 315
74 131
441 333
319 69
485 367
484 313
415 442
154 258
150 306
211 136
54 180
401 126
202 316
82 260
373 216
175 308
383 108
326 239
58 70
93 427
415 60
402 368
7 333
475 438
330 120
114 230
47 140
118 191
499 139
277 364
9 132
234 3
113 360
180 270
483 469
291 119
146 128
6 117
397 375
177 106
199 292
290 312
102 112
185 119
171 459
456 97
446 160
226 404
236 430
448 102
499 422
334 364
374 400
314 358
80 429
11 357
121 238
8 181
357 347
449 421
330 241
172 283
438 430
17 257
146 2
131 13
265 102
146 249
212 96
23 169
498 462
122 202
436 496
109 376
259 55
389 3
484 173
23 443
365 45
479 67
419 25
2 231
261 491
388 303
102 98
64 233
347 24
483 284
93 278
495 20
1 442
29 132
14 232
99 29
362 430
238 373
269 202
157 299
10 100
100 430
195 173
465 424
372 471
367 356
376 194
440 349
123 404
161 269
231 77
147 105
11 172
145 172
488 264
420 120
25 372
164 23
112 269
457 294
61 294
249 265
417 69
390 204
372 354
330 339
9 113
324 277
122 44
487 402
487 164
270 306
150 399
389 254
180 260
409 83
211 238
209 305
87 41
402 443
439 102
222 485
248 156
52 92
375 346
319 445
409 348
218 115
337 481
216 191
142 13
96 284
393 260
225 267
8 171
179 160
191 125
306 264
337 99
345 201
362 272
317 368
150 102
229 17
272 226
246 326
163 310
211 130
493 194
146 486
180 399
88 145
44 209
113 89
167 209
210 3
164 274
88 154
433 417
47 372
353 317
291 104
146 113
448 69
295 65
370 406
222 242
453 4
420 254
150 488
407 153
412 497
453 31
383 470
228 169
9 229
293 387
353 438
193 220
280 225
126 130
186 181
66 363
258 286
440 186
149 379
364 29
173 80
204 95
164 22
99 140
10 202
87 413
422 165
447 338
204 342
9 94
291 81
193 314
114 21
464 0
386 489
282 23
422 183
469 258
91 65
265 199
175 144
140 177
295 60
288 439
433 12
14 437
47 385
152 160
254 455
313 114
10 76
353 159
269 187
327 259
97 471
356 66
492 363
264 221
477 374
361 419
220 151
368 324
38 31
248 2
426 27
158 185
454 107
3 311
462 358
446 252
443 354
345 20
496 91
123 245
418 428
296 164
11 31
389 221
15 321
444 318
113 335
39 260
451 452
120 194
72 446
497 190
410 423
474 426
103 272
308 403
320 368
207 82
75 299
87 17
454 466
414 3
433 7
344 69
341 189
261 80
194 417
401 478
470 83
77 408
404 236
333 185
145 372
16 496
174 188
296 312
98 458
217 257
137 148
177 184
381 499
297 286
400 360
446 238
390 337
66 344
217 275
103 164
141 29
262 426
394 438
285 302
331 269
193 466
114 411
106 398
306 334
24 127
373 244
292 27
279 335
238 483
20 233
71 68
217 360
99 386
456 269
351 360
191 231
127 228
498 293
237 338
129 167
36 366
229 123
203 461
356 465
247 406
396 120
261 75
402 441
413 200
25 64
484 251
36 213
430 369
404 469
371 292
191 334
25 320
55 473
495 80
496 472
451 330
175 8
272 197
476 85
301 4
353 432
358 129
195 480
494 389
184 340
387 403
450 459
303 449
288 397
226 95
379 426
114 15
448 269
165 326
263 242
152 118
357 258
139 435
186 40
187 94
379 26
243 16
272 327
321 103
213 241
315 270
188 77
184 452
269 401
128 35
467 157
124 321
301 381
476 233
55 450
158 323
16 221
330 426
305 351
453 487
250 6
423 77
141 10
158 179
313 202
351 494
247 266
252 106
287 73
165 47
149 368
9 65
351 94
193 47
88 129
253 187
313 476
192 177
483 222
185 52
438 80
365 486
63 310
470 32
7 131
339 366
202 388
36 176
441 5
252 218
352 394
176 107
57 406
356 37
30 123
410 17
32 480
297 235
91 139
90 174
401 45
258 414
187 372
109 282
183 231
442 342
392 234
446 214
495 317
423 310
393 306
90 30
26 265
259 226
52 403
69 245
79 39
1 339
39 204
116 195
388 465
115 468
47 324
75 252
99 371
324 53
39 240
494 226
109 174
23 232
141 355
188 49
467 367
469 71
135 55
215 402
431 26
342 125
337 19
59 420
410 3
139 263
350 474
42 358
279 432
70 438
360 2
463 24
205 254
436 397
144 387
9 181
270 383
471 373
12 335
483 338
257 184
381 479
435 52
423 67
57 257
146 433
91 408
157 344
418 376
446 218
43 331
167 367
215 285
125 230
46 495
398 150
245 57
267 332
33 165
95 387
460 229
24 345
367 428
306 143
314 245
363 58
469 30
292 245
436 280
121 125
55 152
38 118
253 6
380 385
429 488
321 70
30 86
26 134
23 236
27 108
474 1
91 120
84 81
310 396
207 322
407 347
351 434
465 428
472 324
350 487
83 372
114 112
411 466
480 435
467 227
212 275
298 278
105 149
271 172
355 193
362 52
377 342
476 312
395 467
193 243
374 26
46 81
442 179
378 414
120 128
349 100
110 483
141 498
62 443
366 180
345 246
262 230
371 384
312 69
251 468
66 413
455 136
214 311
406 234
291 293
293 464
481 17
160 209
214 338
4 227
242 28
452 237
418 83
233 208
325 282
287 417
94 111
490 349
291 149
193 391
169 100
104 179
244 64
264 42
196 24
315 353
417 239
170 380
115 444
469 11
272 19
183 81
32 159
12 264
22 136
109 141
369 180
343 317
286 173
338 220
249 282
478 343
355 300
36 147
198 307
421 245
393 174
483 467
442 39
315 474
374 133
54 290
105 274
442 48
171 219
93 281
146 144
380 231
229 169
331 189
291 391
474 485
375 134
94 362
127 121
195 176
89 27
184 283
447 495
47 268
433 322
92 189
215 270
90 486
362 289
117 360
162 273
22 360
426 310
477 19
253 400
74 398
146 274
112 52
158 1
101 95
222 403
401 393
1 166
337 399
498 78
443 478
84 466
107 202
139 234
211 250
116 278
296 236
480 164
495 27
351 428
40 377
218 127
403 200
464 67
480 411
438 405
323 91
440 347
49 224
344 132
90 225
380 64
71 221
187 185
173 250
25 361
194 53
171 326
409 216
306 105
261 381
312 36
146 242
317 151
22 117
270 39
328 309
175 305
150 141
388 458
470 222
155 256
366 421
81 270
310 102
11 480
70 139
187 297
240 25
420 410
460 65
243 448
115 128
329 237
221 295
381 18
177 368
279 7
373 163
245 5
331 17
35 293
206 431
102 203
114 168
326 195
462 366
303 202
431 360
60 206
105 394
50 31
212 349
54 1
286 387
224 174
30 43
306 365
14 364
220 451
352 341
223 367
235 332
486 341
157 4
77 133
437 49
447 368
299 344
165 353
182 195
295 63
346 47
234 471
178 481
370 404
1 154
402 207
33 72
58 156
205 35
423 248
253 84
486 435
116 106
253 93
75 352
450 369
144 195
258 455
14 67
304 333
458 391
453 285
214 3
366 137
209 181
266 288
208 216
170 351
51 372
285 301
438 13
38 299
97 110
31 412
483 173
23 170
293 421
115 244
197 444
230 240
415 38
491 6
328 119
496 121
475 425
296 432
71 94
393 392
110 323
34 441
390 228
483 267
264 390
380 431
450 90
254 215
492 105
391 202
402 440
249 109
207 103
454 249
250 172
38 420
294 498
44 76
175 178
461 108
494 285
385 387
333 197
34 41
408 111
318 483
199 355
411 18
468 22
167 332
244 268
351 251
232 303
53 319
316 293
80 7
153 266
163 289
144 19
131 238
42 8
83 436
126 141
238 230
19 15
4 390
52 448
94 463
96 155
453 374
417 61
63 76
313 498
216 318
30 51
295 471
164 289
153 396
169 224
386 320
68 410
402 435
255 273
80 384
270 145
486 187
476 241
147 65
308 19
251 150
72 309
244 263
159 323
245 237
364 188
201 149
337 82
265 313
111 255
354 400
106 149
50 245
229 247
155 447
403 283
435 315
459 282
108 204
360 330
285 138
302 218
461 480
99 155
72 439
93 233
314 290
184 199
135 59
335 4
344 71
301 137
492 333
489 346
279 198
376 149
327 9
243 275
65 9
349 433
337 468
320 397
290 356
383 17
55 462
410 272
368 303
250 418
431 493
214 217
418 142
276 476
453 499
134 252
440 160
198 227
299 468
248 484
9 486
414 126
223 320
67 91
392 287
216 281
426 100
163 135
402 142
468 124
21 478
442 462
95 0
8 270
346 247
266 129
139 424
6 71
480 107
346 256
43 218
155 307
176 101
167 272
203 454
144 139
344 75
279 193
409 330
61 141
352 186
136 293
1 248
42 146
89 41
274 114
286 79
154 207
309 230
328 243
4 110
100
28 348
126 311
54 188
54 125
10 106
331 251
327 158
291 222
7 130
70 433
499 69
206 160
4 110
219 220
238 39
497 26
401 415
82 318
363 390
33 451
22 20
351 421
386 134
438 184
12 53
484 121
74 85
434 50
192 366
157 299
19 422
150 429
249 343
472 33
487 498
416 260
337 422
16 66
366 336
39 141
71 105
299 177
154 389
473 44
30 57
300 363
118 18
327 390
4 275
346 7
180 137
33 113
411 39
303 286
86 329
282 166
494 85
269 272
439 459
21 388
92 23
161 340
161 382
341 169
488 62
316 389
387 64
252 122
276 7
93 192
11 450
258 363
470 307
203 113
409 367
329 80
80 449
47 398
98 380
17 254
241 246
15 420
307 38
379 358
189 240
136 299
88 170
406 256
85 303
236 417
223 353
210 275
454 337
96 316
183 302
463 96
361 313
129 290
56 455
468 280